Epoch	Time(sec)	Loss_train	AUC_dev	PRAUC_dev	AUPRC_dev	Precision_dev	Recall_dev	Accuracy_dev	F1_dev
runTime=1:
1	9.305954499985091	0.7150574127833048	0.6648351648351649	0.47509783663629823	0.6648758648758648	0.0	0.0	0.5185185185185185	0.0
2	21.85380450001685	0.7284151713053385	0.5824175824175825	0.45592601842601843	0.5863858363858364	0.0	0.0	0.5185185185185185	0.0
3	26.871615100011695	0.6903661489486694	0.27472527472527475	0.33670846247769326	0.4526739926739927	0.3333333333333333	0.07692307692307693	0.48148148148148145	0.12499695319926576
4	31.922575799981132	0.7106411258379618	0.15384615384615383	0.30678561634443996	0.41830351021527495	0.0	0.0	0.5185185185185185	0.0
5	36.89225939998869	0.729662279287974	0.18681318681318684	0.3060338574469009	0.4332948211209081	0.0	0.0	0.5185185185185185	0.0
6	41.86041159997694	0.7147049307823181	0.13736263736263735	0.2983391608391608	0.4119988344988345	0.0	0.0	0.5185185185185185	0.0
7	46.85951350000687	0.6770259141921997	0.15934065934065933	0.3079122674710911	0.4197021116138763	0.0	0.0	0.5185185185185185	0.0
8	51.82096639997326	0.7228401303291321	0.17032967032967034	0.31014822595704955	0.4223730517848165	0.0	0.0	0.5185185185185185	0.0
9	56.819596499961335	0.6583271225293478	0.19780219780219777	0.32820378151260504	0.44886877828054295	0.0	0.0	0.5185185185185185	0.0
10	61.850986399978865	0.6710543433825175	0.14285714285714285	0.31642156862745097	0.4350867269984917	0.0	0.0	0.5185185185185185	0.0
11	66.82162259996403	0.6471487085024515	0.13736263736263737	0.31193438914027144	0.4299585218702866	0.0	0.0	0.5185185185185185	0.0
12	71.7760024999734	0.6361173192660013	0.1868131868131868	0.3209464555052791	0.4350867269984917	0.0	0.0	0.48148148148148145	0.0
13	76.7530182999908	0.5929242372512817	0.1703296703296703	0.3081043956043956	0.4264010989010989	0.2857142857142857	0.15384615384615385	0.4074074074074074	0.19999545010351016
14	81.71344389999285	0.6104180415471395	0.3076923076923077	0.34250622565839955	0.46972049689440987	0.2	0.07692307692307693	0.4074074074074074	0.11110709891031713
15	86.70769010001095	0.5433875521024069	0.4065934065934066	0.3720690541342715	0.504120879120879	0.0	0.0	0.5185185185185185	0.0
16	91.7737427999964	0.5639939308166504	0.4395604395604395	0.4430819180819181	0.5778721278721279	0.0	0.0	0.5185185185185185	0.0
17	96.74882229999639	0.4747953812281291	0.4945054945054945	0.4664471493418862	0.605604921394395	0.0	0.0	0.5185185185185185	0.0
18	101.74638979998417	0.476189653078715	0.43956043956043955	0.447163705859358	0.5677539851452895	0.4	0.15384615384615385	0.48148148148148145	0.22221820994898706
19	106.72942819999298	0.4595358570416768	0.47802197802197804	0.4529215445119335	0.590808123988902	0.5416666666666666	1.0	0.5925925925925926	0.7026981446606833
20	111.79762729996582	0.43393078446388245	0.4065934065934066	0.4835246925129868	0.5962121212121212	0.25	0.15384615384615385	0.37037037037037035	0.19047147403969045
21	117.02093100000639	0.4239439368247986	0.46703296703296704	0.5044991240643414	0.61996336996337	0.6666666666666666	0.15384615384615385	0.5555555555555556	0.24999695316213336
22	122.2003772999742	0.40874095757802326	0.4725274725274725	0.5083910654562829	0.6240842490842491	0.6666666666666666	0.15384615384615385	0.5555555555555556	0.24999695316213336
23	127.18580139998812	0.40551790595054626	0.5164835164835165	0.5222563668215842	0.6397435897435897	0.3333333333333333	0.15384615384615385	0.4444444444444444	0.21052199454853293
24	132.1746466999757	0.4056993822256724	0.5659340659340659	0.5426281003512125	0.6616059379217272	0.3333333333333333	0.15384615384615385	0.4444444444444444	0.21052199454853293
25	137.13712009997107	0.3716125190258026	0.5659340659340659	0.5426281003512125	0.6616059379217272	0.5	0.15384615384615385	0.5185185185185185	0.2352905190861787
26	142.13818299997365	0.39393261075019836	0.6153846153846154	0.5663123108775282	0.6858974358974357	1.0	0.15384615384615385	0.5925925925925926	0.26666435557558504
27	154.5375395999872	0.38549304008483887	0.6208791208791209	0.5702042522694697	0.690018315018315	1.0	0.15384615384615385	0.5925925925925926	0.26666435557558504
28	167.21398699999554	0.3430791099866231	0.6263736263736264	0.575515607580825	0.6955128205128205	1.0	0.15384615384615385	0.5925925925925926	0.26666435557558504
29	179.81484499998624	0.3687012890974681	0.6593406593406593	0.553330194954236	0.6787060978237449	0.42857142857142855	0.23076923076923078	0.48148148148148145	0.2999954500690073
30	184.76869639998768	0.3797850509484609	0.7142857142857143	0.5999661570313743	0.722069597069597	0.3333333333333333	0.15384615384615385	0.4444444444444444	0.21052199454853293
Best Epoch	AUC_test	PRAUC_test	AUPRC_test	Precision_test	Recall_test	Accuracy_test	F1
30	0.9335548172757476	0.8705305615143779	0.8768847104961583	0.9166666666666666	0.5238095238095238	0.828125	0.6666620385996218
average: AUC_test	PRAUC_test	AUPRC_test	Precision_test	Recall_test	Accuracy_test	F1
0.9335548172757476	0.8705305615143779	0.8768847104961583	0.9166666666666666	0.5238095238095238	0.828125	0.6666620385996218
